{
  "diff": [
    [
      0,
      -0.134437953,
      -0.20625863970000002,
      -0.18436581540000002,
      -0.23805636139999997,
      -0.2658724705,
      -0.23234982790000003,
      -0.25298941389999996,
      -0.20641365620000002,
      -0.239457092,
      -0.2260666341,
      -0.2022504008,
      -0.17630849820000002
    ],
    [
      0.134437953,
      0,
      -0.0665178227,
      -0.0637344879,
      -0.1217228813,
      -0.13543828989999998,
      -0.128440259,
      -0.1345189528,
      -0.1398925907,
      -0.1423500754,
      -0.13626428740000002,
      -0.1405356225,
      -0.1157558588
    ],
    [
      0.20625863970000002,
      0.0665178227,
      0,
      0.0017203906999999907,
      -0.060155567300000004,
      -0.06971776160000001,
      -0.07650646620000001,
      -0.0855791905,
      -0.08449123210000001,
      -0.0754287193,
      -0.0918622211,
      -0.0805639289,
      -0.067186289
    ],
    [
      0.18436581540000002,
      0.0637344879,
      -0.0017203906999999907,
      0,
      -0.06974119770000001,
      -0.0805831085,
      -0.0894835384,
      -0.08811872500000001,
      -0.1330257879,
      -0.1008688901,
      -0.09716224949999999,
      -0.1122091352,
      -0.12495842970000001
    ],
    [
      0.23805636139999997,
      0.1217228813,
      0.060155567300000004,
      0.06974119770000001,
      0,
      -0.010157328200000003,
      -0.0217628073,
      -0.018766431299999997,
      -0.0346737751,
      -0.04532780310000001,
      -0.0482023756,
      -0.0592376492,
      -0.053581782499999994
    ],
    [
      0.2658724705,
      0.13543828989999998,
      0.06971776160000001,
      0.0805831085,
      0.010157328200000003,
      0,
      -0.008028772700000002,
      -0.0150453584,
      -0.0158146212,
      -0.018133293600000003,
      -0.0372899545,
      -0.046467957399999996,
      -0.0486238925
    ],
    [
      0.23234982790000003,
      0.128440259,
      0.07650646620000001,
      0.0894835384,
      0.0217628073,
      0.008028772700000002,
      0,
      -0.005259064100000002,
      -0.015077318700000002,
      -0.027475606300000004,
      -0.031033171199999997,
      -0.0414811029,
      -0.0527155228
    ],
    [
      0.25298941389999996,
      0.1345189528,
      0.0855791905,
      0.08811872500000001,
      0.018766431299999997,
      0.0150453584,
      0.005259064100000002,
      0,
      -0.006257556800000001,
      -0.009124100099999997,
      -0.0314020802,
      -0.0326228796,
      -0.039900586700000004
    ],
    [
      0.20641365620000002,
      0.1398925907,
      0.08449123210000001,
      0.1330257879,
      0.0346737751,
      0.0158146212,
      0.015077318700000002,
      0.006257556800000001,
      0,
      -0.014314284100000001,
      -0.025924135700000003,
      -0.0386364647,
      -0.0411549733
    ],
    [
      0.239457092,
      0.1423500754,
      0.0754287193,
      0.1008688901,
      0.04532780310000001,
      0.018133293600000003,
      0.027475606300000004,
      0.009124100099999997,
      0.014314284100000001,
      0,
      -0.023338828699999998,
      -0.033986192400000004,
      -0.040560438
    ],
    [
      0.2260666341,
      0.13626428740000002,
      0.0918622211,
      0.09716224949999999,
      0.0482023756,
      0.0372899545,
      0.031033171199999997,
      0.0314020802,
      0.025924135700000003,
      0.023338828699999998,
      0,
      -0.010171586300000004,
      -0.0264682796
    ],
    [
      0.2022504008,
      0.1405356225,
      0.0805639289,
      0.1122091352,
      0.0592376492,
      0.046467957399999996,
      0.0414811029,
      0.0326228796,
      0.0386364647,
      0.033986192400000004,
      0.010171586300000004,
      0,
      -0.0237785825
    ],
    [
      0.17630849820000002,
      0.1157558588,
      0.067186289,
      0.12495842970000001,
      0.053581782499999994,
      0.0486238925,
      0.0527155228,
      0.039900586700000004,
      0.0411549733,
      0.040560438,
      0.0264682796,
      0.0237785825,
      0
    ]
  ],
  "names": [
    "OpenAI",
    "Google",
    "Anthropic",
    "DeepSeek",
    "Meta",
    "X",
    "Mistral",
    "Perplexity",
    "Alibaba",
    "Microsoft",
    "Amazon",
    "Cohere",
    "Reka"
  ]
}